1702200 2752599 295000 
2102200 2752599 295000
1639600 2689995 295000 
2039600 2689995 295000
1578160 2627280 295000 
1978160 2627280 295000
1516385 2561790 295000 
1916385 2561790 295000
1466215 2.49358e+06 295000 
1866215 2.49358e+06 295000
1430310 2.41433e+06 295000 
1830310 2.41433e+06 295000
1390185 2334129 295000 
1790185 2334129 295000
1340730 2.26104e+06 295000 
1740730 2.26104e+06 295000
1270685 2195601 295000 
1670685 2195601 295000
1220460 2.13028e+06 295000 
1620460 2.13028e+06 295000
1229230 2066619 295000 
1629230 2066619 295000
1257810 2017446 295000 
1657810 2017446 295000
1278455 1.96733e+06 295000 
1678455 1.96733e+06 295000
1271910 1.91039e+06 295000 
1671910 1.91039e+06 295000
1245215 1822863 295000 
1645215 1822863 295000
1230785 1.72357e+06 295000 
1630785 1.72357e+06 295000
1239665 1642932 295000 
1639665 1642932 295000
1252040 1.57084e+06 295000 
1652040 1.57084e+06 295000
1.24843e+06 1.49303e+06 295000 
1.64843e+06 1.49303e+06 295000
1.21696e+06 1407279 295000 
1.61696e+06 1407279 295000
1179390 1.33818e+06 295000 
1579390 1.33818e+06 295000
1.13965e+06 1.28024e+06 295000 
1.53965e+06 1.28024e+06 295000
1.08476e+06 1225461 295000 
1.48476e+06 1225461 295000
1047190 1.17901e+06 295000 
1447190 1.17901e+06 295000
1.04508e+06 1.1325e+06 295000 
1.44508e+06 1.1325e+06 295000
695544 1909332 295000 
1.09554e+06 1909332 295000
636880 1861491 295000 
1036880 1861491 295000
585154 1810542 295000 
985154 1810542 295000
539366 1766808 295000 
939366 1766808 295000
510118 1.7188e+06 295000 
910118 1.7188e+06 295000
496854 1660692 295000 
896854 1660692 295000
485420 1.60858e+06 295000 
885420 1.60858e+06 295000
473044 1.56096e+06 295000 
873044 1.56096e+06 295000
458114 1511286 295000 
858114 1511286 295000
443518 1.45839e+06 295000 
843518 1.45839e+06 295000
432640 1411830 295000 
832640 1411830 295000
442408 1369983 295000 
842408 1369983 295000
463498 1328025 295000 
863498 1328025 295000
471046 1274634 295000 
871046 1274634 295000
475930 1209033 295000 
875930 1209033 295000
481813 1.14249e+06 295000 
881813 1.14249e+06 295000
491137 1.07822e+06 295000 
891137 1.07822e+06 295000
507066 1015005 295000 
907066 1015005 295000
532374 957008 295000 
932374 957008 295000
578660 908889 295000 
978660 908889 295000
644372 857940 295000 
1.04437e+06 857940 295000
714192 810598 295000 
1.11419e+06 810598 295000
786340 769862 295000 
1.18634e+06 769862 295000
885740 700154 295000 
1285740 700154 295000
991135 604860 295000 
1391135 604860 295000
1042085 515672 295000 
1442085 515672 295000
1055740 434420 295000 
1455740 434420 295000
1049965 366820 295000 
1449965 366820 295000
1043360 305493 295000 
1443360 305493 295000
1056850 235840 295000 
1456850 235840 295000
1082990 152202 295000 
1482990 152202 295000
1110960 65844 295000 
1510960 65844 295000
1107464 -3475.5 295000 
1507464 -3475.5 295000
1082544 -58587 295000 
1482544 -58587 295000
1086930 -109425 295000 
1486930 -109425 295000
1.11784e+06 -153159 295000 
1.51784e+06 -153159 295000
