850000.0 2400000.0 295000.0 
1250000.0 2400000.0 295000.0 
850000.0 2100000.0 295000.0
1250000.0 2100000.0 295000.0
915118.066625 2088605.81476 295000.0
1315118.06663 2088605.81476 295000.0
978257.553747 2054769.46559 295000.0
1378257.55375 2054769.46559 295000.0
1037500.0 1999519.05284 295000.0
1437500.0 1999519.05284 295000.0
1091045.35363 1924533.33234 295000.0
1491045.35363 1924533.33234 295000.0
1137266.66617 1832090.70726 295000.0
1537266.66617 1832090.70726 295000.0
1174759.52642 1725000.0 295000.0
1574759.52642 1725000.0 295000.0
1202384.73279 1606515.10749 295000.0
1602384.73279 1606515.10749 295000.0
1219302.90738 1480236.13325 295000.0
1619302.90738 1480236.13325 295000.0
1225000.0 1350000.0 295000.0
1625000.0 1350000.0 295000.0
850000.0 600000.0 295000.0
1250000.0 600000.0 295000.0
784881.933375 611394.185241 295000.0
1184881.93337 611394.185241 295000.0
721742.446253 645230.534411 295000.0
1121742.44625 645230.534411 295000.0
662500.0 700480.947162 295000.0
1062500.0 700480.947162 295000.0
608954.646368 775466.667661 295000.0
1008954.64637 775466.667661 295000.0
562733.33383 867909.292735 295000.0
962733.33383 867909.292735 295000.0
525240.473581 975000.0 295000.0
925240.473581 975000.0 295000.0
497615.267205 1093484.89251 295000.0
897615.267205 1093484.89251 295000.0
480697.09262 1219763.86675 295000.0
880697.09262 1219763.86675 295000.0
475000.0 1350000.0 295000.0
875000.0 1350000.0 295000.0
850000.0 300000.0 295000.0 
1250000.0 300000.0 295000.0 
