1037500.0 2400000.0 295000.0 
1437500.0 2400000.0 295000.0 
1037500.0 2100000.0 295000.0 
1437500.0 2100000.0 295000.0 
850000.0 1725000.0 295000.0
1250000.0 1725000.0 295000.0
915118.066625 1719302.90738 295000.0
1315118.06663 1719302.90738 295000.0
978257.553747 1702384.73279 295000.0
1378257.55375 1702384.73279 295000.0
1037500.0 1674759.52642 295000.0
1437500.0 1674759.52642 295000.0
1091045.35363 1637266.66617 295000.0
1491045.35363 1637266.66617 295000.0
1137266.66617 1591045.35363 295000.0
1537266.66617 1591045.35363 295000.0
1174759.52642 1537500.0 295000.0
1574759.52642 1537500.0 295000.0
1202384.73279 1478257.55375 295000.0
1602384.73279 1478257.55375 295000.0
1219302.90738 1415118.06663 295000.0
1619302.90738 1415118.06663 295000.0
1225000.0 1350000.0 295000.0
1625000.0 1350000.0 295000.0
1219302.90738 1284881.93337 295000.0
1619302.90738 1284881.93337 295000.0
1202384.73279 1221742.44625 295000.0
1602384.73279 1221742.44625 295000.0
1174759.52642 1162500.0 295000.0
1574759.52642 1162500.0 295000.0
1137266.66617 1108954.64637 295000.0
1537266.66617 1108954.64637 295000.0
1091045.35363 1062733.33383 295000.0
1491045.35363 1062733.33383 295000.0
1037500.0 1025240.47358 295000.0
1437500.0 1025240.47358 295000.0
978257.553747 997615.267205 295000.0
1378257.55375 997615.267205 295000.0
915118.066625 980697.09262 295000.0
1315118.06663 980697.09262 295000.0
850000.0 975000.0 295000.0
1250000.0 975000.0 295000.0
850000.0 975000.0 295000.0
1250000.0 975000.0 295000.0
784881.933375 980697.09262 295000.0
1184881.93337 980697.09262 295000.0
721742.446253 997615.267205 295000.0
1121742.44625 997615.267205 295000.0
662500.0 1025240.47358 295000.0
1062500.0 1025240.47358 295000.0
608954.646368 1062733.33383 295000.0
1008954.64637 1062733.33383 295000.0
562733.33383 1108954.64637 295000.0
962733.33383 1108954.64637 295000.0
525240.473581 1162500.0 295000.0
925240.473581 1162500.0 295000.0
497615.267205 1221742.44625 295000.0
897615.267205 1221742.44625 295000.0
480697.09262 1284881.93337 295000.0
880697.09262 1284881.93337 295000.0
475000.0 1350000.0 295000.0
875000.0 1350000.0 295000.0
480697.09262 1415118.06663 295000.0
880697.09262 1415118.06663 295000.0
497615.267205 1478257.55375 295000.0
897615.267205 1478257.55375 295000.0
525240.473581 1537500.0 295000.0
925240.473581 1537500.0 295000.0
562733.33383 1591045.35363 295000.0
962733.33383 1591045.35363 295000.0
608954.646368 1637266.66617 295000.0
1008954.64637 1637266.66617 295000.0
662500.0 1674759.52642 295000.0
1062500.0 1674759.52642 295000.0
721742.446253 1702384.73279 295000.0
1121742.44625 1702384.73279 295000.0
784881.933375 1719302.90738 295000.0
1184881.93337 1719302.90738 295000.0
850000.0 1725000.0 295000.0
1250000.0 1725000.0 295000.0
1037500.0 600000.0 295000.0 
1437500.0 600000.0 295000.0 
1037500.0 300000.0 295000.0 
1437500.0 300000.0 295000.0 
