850000.0 2400000.0 295000.0 
1250000.0 2400000.0 295000.0 
850000.0 2100000.0 295000.0
1250000.0 2100000.0 295000.0
980236.13325 2088605.81476 295000.0
1380236.13325 2088605.81476 295000.0
1106515.10749 2054769.46559 295000.0
1506515.10749 2054769.46559 295000.0
1225000.0 1999519.05284 295000.0
1625000.0 1999519.05284 295000.0
1332090.70726 1924533.33234 295000.0
1732090.70726 1924533.33234 295000.0
1424533.33234 1832090.70726 295000.0
1824533.33234 1832090.70726 295000.0
1499519.05284 1725000.0 295000.0
1899519.05284 1725000.0 295000.0
1554769.46559 1606515.10749 295000.0
1954769.46559 1606515.10749 295000.0
1588605.81476 1480236.13325 295000.0
1988605.81476 1480236.13325 295000.0
1600000.0 1350000.0 295000.0
2000000.0 1350000.0 295000.0
1588605.81476 1219763.86675 295000.0
1988605.81476 1219763.86675 295000.0
1554769.46559 1093484.89251 295000.0
1954769.46559 1093484.89251 295000.0
1499519.05284 975000.0 295000.0
1899519.05284 975000.0 295000.0
1424533.33234 867909.292735 295000.0
1824533.33234 867909.292735 295000.0
1332090.70726 775466.667661 295000.0
1732090.70726 775466.667661 295000.0
1225000.0 700480.947162 295000.0
1625000.0 700480.947162 295000.0
1106515.10749 645230.534411 295000.0
1506515.10749 645230.534411 295000.0
980236.13325 611394.185241 295000.0
1380236.13325 611394.185241 295000.0
850000.0 600000.0 295000.0
1250000.0 600000.0 295000.0
850000.0 600000.0 295000.0
1250000.0 600000.0 295000.0
719763.86675 611394.185241 295000.0
1119763.86675 611394.185241 295000.0
593484.892506 645230.534411 295000.0
993484.892506 645230.534411 295000.0
475000.0 700480.947162 295000.0
875000.0 700480.947162 295000.0
367909.292735 775466.667661 295000.0
767909.292735 775466.667661 295000.0
275466.667661 867909.292735 295000.0
675466.667661 867909.292735 295000.0
200480.947162 975000.0 295000.0
600480.947162 975000.0 295000.0
145230.534411 1093484.89251 295000.0
545230.534411 1093484.89251 295000.0
111394.185241 1219763.86675 295000.0
511394.185241 1219763.86675 295000.0
100000.0 1350000.0 295000.0
500000.0 1350000.0 295000.0
111394.185241 1480236.13325 295000.0
511394.185241 1480236.13325 295000.0
145230.534411 1606515.10749 295000.0
545230.534411 1606515.10749 295000.0
200480.947162 1725000.0 295000.0
600480.947162 1725000.0 295000.0
275466.667661 1832090.70726 295000.0
675466.667661 1832090.70726 295000.0
367909.292735 1924533.33234 295000.0
767909.292735 1924533.33234 295000.0
475000.0 1999519.05284 295000.0
875000.0 1999519.05284 295000.0
593484.892506 2054769.46559 295000.0
993484.892506 2054769.46559 295000.0
719763.86675 2088605.81476 295000.0
1119763.86675 2088605.81476 295000.0
850000.0 2100000.0 295000.0
1250000.0 2100000.0 295000.0
850000.0 300000.0 295000.0 
1250000.0 300000.0 295000.0 
